
Array Size = 67
    18    56    93    48    58    82    43     5    23    50
    27    75    37    98    84    27    76    35    97    31
    51    58    84    99    33    96    99    12    90    79
    64    10     3    43    33    28    17    56    78    25
    25    74     2    83    22    29    99    42    87    53
    95    20    29    67    39    25    34    47    98    75
    36    68    80    67     5    99    78

Array Size = 18
  1012  1013  1013  1019  1028  1032  1033  1041  1042  1045
  1061  1067  1076  1077  1080  1083  1096  1097

Array Size = 99
  2016  2009  2011  2020  2051  2063  2022  2016  2037  2044
  2054  2023  2021  2054  2001  2052  2040  2099  2067  2037
  2083  2065  2018  2016  2088  2079  2000  2053  2034  2056
  2056  2058  2013  2088  2068  2057  2013  2011  2004  2011
  2097  2066  2009  2096  2087  2057  2010  2091  2061  2002
  2077  2078  2018  2017  2020  2033  2067  2072  2029  2065
  2011  2034  2086  2083  2000  2017  2068  2083  2013  2000
  2041  2095  2043  2085  2038  2068  2034  2048  2034  2092
  2041  2085  2028  2057  2087  2041  2091  2009  2055  2060
  2089  2080  2022  2041  2037  2093  2007  2079  2011

Array Size = 82
  3001  3004  3006  3006  3008  3009  3011  3012  3015  3016
  3019  3019  3020  3020  3023  3023  3024  3025  3026  3027
  3027  3029  3032  3035  3036  3037  3037  3037  3041  3042
  3044  3046  3049  3052  3052  3053  3055  3055  3056  3061
  3062  3063  3063  3064  3065  3067  3067  3068  3068  3069
  3072  3072  3073  3073  3073  3075  3075  3075  3075  3075
  3078  3078  3078  3080  3080  3081  3082  3085  3085  3086
  3088  3090  3092  3092  3093  3093  3093  3095  3095  3095
  3096  3096

Array Size = 47
  4062  4087  4054  4059  4077  4002  4099  4093  4008  4083
  4061  4072  4034  4093  4055  4036  4039  4056  4079  4002
  4019  4064  4072  4061  4097  4099  4089  4029  4012  4089
  4025  4091  4075  4050  4065  4066  4052  4092  4005  4088
  4094  4096  4001  4043  4037  4095  4056

Array Size = 98
  5002  5003  5005  5008  5008  5009  5009  5009  5010  5011
  5011  5012  5012  5014  5014  5015  5015  5016  5018  5018
  5018  5018  5018  5018  5018  5019  5020  5021  5021  5023
  5024  5025  5025  5026  5027  5027  5027  5027  5028  5030
  5031  5036  5037  5038  5040  5040  5041  5041  5044  5045
  5046  5047  5048  5048  5048  5049  5052  5055  5057  5059
  5060  5061  5063  5064  5064  5064  5065  5070  5072  5072
  5072  5074  5074  5075  5076  5077  5078  5078  5080  5080
  5084  5085  5086  5086  5087  5088  5088  5088  5089  5091
  5094  5094  5094  5097  5098  5098  5099  5099

Array Size = 73
  6084  6020  6086  6045  6074  6093  6026  6072  6077  6012
  6010  6077  6090  6039  6031  6097  6092  6026  6070  6085
  6047  6048  6059  6080  6096  6042  6087  6012  6033  6037
  6043  6013  6096  6096  6095  6024  6081  6062  6098  6094
  6044  6030  6034  6087  6019  6088  6042  6051  6094  6070
  6024  6050  6042  6039  6024  6007  6086  6098  6060  6033
  6032  6009  6031  6006  6007  6056  6023  6058  6019  6049
  6033  6030  6041

Array Size = 82
  7000  7001  7002  7002  7004  7005  7007  7007  7008  7008
  7012  7013  7014  7014  7014  7020  7020  7021  7023  7023
  7024  7024  7025  7027  7027  7032  7032  7032  7035  7037
  7038  7038  7039  7042  7044  7045  7049  7049  7050  7050
  7050  7053  7054  7054  7055  7056  7057  7057  7058  7058
  7061  7065  7066  7067  7067  7067  7068  7070  7070  7072
  7072  7074  7075  7078  7078  7079  7079  7080  7081  7083
  7085  7086  7086  7086  7087  7087  7088  7090  7091  7091
  7096  7097

Array Size = 63
  8014  8091  8011  8086  8081  8053  8092  8072  8093  8058
  8033  8097  8051  8097  8002  8017  8040  8067  8064  8032
  8075  8047  8090  8042  8057  8054  8055  8037  8048  8059
  8067  8038  8068  8052  8057  8092  8020  8026  8089  8067
  8020  8070  8028  8043  8035  8010  8039  8005  8084  8081
  8019  8008  8048  8097  8096  8056  8075  8028  8057  8064
  8099  8093  8046

Array Size = 48
  9000  9002  9003  9004  9009  9018  9021  9024  9025  9026
  9027  9027  9028  9028  9030  9031  9034  9036  9037  9041
  9044  9046  9050  9050  9050  9050  9052  9056  9056  9057
  9060  9061  9063  9063  9065  9065  9065  9065  9069  9074
  9075  9077  9080  9081  9082  9090  9093  9098

Array Size = 48
 10036 10043 10038 10038 10010 10088 10039 10058 10087 10088
 10085 10056 10063 10056 10099 10086 10071 10067 10097 10096
 10008 10080 10070 10008 10037 10096 10072 10027 10037 10089
 10048 10078 10035 10079 10001 10013 10009 10044 10069 10014
 10051 10071 10026 10047 10099 10001 10034 10004

Array Size = 75
 11002 11002 11005 11010 11011 11012 11014 11015 11017 11018
 11018 11019 11020 11020 11021 11021 11021 11022 11025 11026
 11026 11028 11029 11030 11032 11033 11034 11034 11035 11036
 11037 11037 11038 11039 11040 11040 11040 11040 11041 11043
 11044 11045 11045 11046 11048 11049 11050 11050 11052 11052
 11054 11054 11056 11057 11057 11057 11058 11061 11072 11075
 11078 11081 11081 11083 11083 11085 11087 11087 11088 11088
 11089 11089 11094 11096 11097

Array Size = 26
 12042 12039 12009 12045 12066 12008 12049 12055 12058 12063
 12070 12030 12002 12001 12006 12003 12069 12055 12014 12079
 12007 12002 12086 12082 12059 12099

Array Size = 63
 13003 13005 13005 13007 13009 13010 13012 13013 13013 13016
 13018 13018 13020 13021 13022 13024 13024 13026 13026 13027
 13029 13031 13031 13033 13033 13036 13039 13042 13042 13042
 13045 13047 13050 13050 13050 13051 13052 13056 13060 13061
 13062 13065 13069 13070 13075 13076 13077 13078 13078 13083
 13083 13085 13087 13088 13090 13092 13092 13094 13095 13097
 13097 13098 13099

Array Size = 99
 14046 14061 14006 14022 14063 14054 14003 14013 14083 14094
 14047 14031 14038 14027 14046 14063 14091 14022 14079 14078
 14013 14080 14068 14003 14049 14057 14071 14082 14003 14059
 14046 14047 14091 14077 14075 14093 14026 14073 14063 14024
 14006 14076 14080 14038 14072 14045 14003 14090 14023 14044
 14084 14065 14001 14044 14029 14000 14003 14031 14073 14019
 14066 14022 14085 14007 14059 14002 14049 14060 14078 14007
 14014 14011 14022 14024 14068 14053 14050 14082 14036 14018
 14034 14084 14060 14067 14022 14065 14009 14039 14010 14006
 14090 14016 14093 14036 14012 14083 14036 14088 14049

Array Size = 73
 15002 15002 15003 15004 15004 15015 15016 15016 15017 15019
 15021 15023 15023 15026 15027 15027 15027 15029 15031 15032
 15034 15035 15035 15039 15041 15042 15044 15047 15048 15049
 15049 15050 15051 15052 15053 15053 15056 15056 15059 15059
 15059 15061 15062 15063 15064 15065 15067 15068 15070 15072
 15072 15074 15075 15076 15076 15077 15077 15077 15079 15082
 15085 15086 15087 15091 15091 15092 15092 15094 15095 15095
 15096 15098 15099

Array Size = 49
 16074 16005 16099 16024 16007 16044 16056 16076 16046 16037
 16039 16063 16064 16080 16080 16039 16092 16041 16031 16061
 16074 16054 16006 16075 16032 16048 16037 16050 16095 16040
 16091 16061 16068 16018 16044 16043 16040 16029 16042 16070
 16038 16028 16096 16010 16062 16078 16080 16072 16068

Array Size = 16
 17006 17012 17014 17016 17021 17039 17057 17064 17068 17068
 17077 17078 17081 17085 17086 17091

Array Size = 19
 18007 18087 18094 18000 18060 18060 18005 18053 18065 18083
 18049 18050 18070 18024 18084 18000 18044 18040 18051

Array Size = 34
 19002 19003 19007 19007 19013 19023 19025 19038 19039 19039
 19040 19041 19041 19043 19045 19048 19050 19054 19055 19058
 19066 19071 19079 19079 19081 19083 19084 19085 19085 19086
 19088 19090 19092 19098

Array Size = 35
 20097 20098 20019 20066 20043 20063 20012 20015 20055 20030
 20088 20096 20063 20088 20023 20076 20019 20046 20051 20072
 20027 20089 20058 20004 20012 20012 20004 20078 20009 20062
 20084 20080 20036 20061 20014

Array Size = 88
 21000 21000 21002 21002 21002 21003 21003 21004 21005 21006
 21008 21008 21008 21011 21011 21011 21013 21013 21016 21018
 21019 21020 21021 21022 21024 21024 21025 21026 21027 21027
 21030 21032 21033 21035 21035 21037 21037 21037 21039 21039
 21040 21042 21043 21045 21047 21049 21051 21051 21052 21053
 21054 21056 21056 21058 21058 21061 21061 21064 21068 21068
 21069 21069 21071 21075 21075 21076 21077 21077 21078 21078
 21081 21082 21082 21082 21083 21085 21086 21088 21088 21088
 21089 21089 21091 21092 21094 21095 21096 21097

Array Size = 58
 22016 22073 22052 22012 22020 22072 22098 22013 22020 22090
 22043 22091 22020 22019 22037 22031 22049 22057 22021 22098
 22035 22016 22058 22059 22018 22001 22056 22052 22018 22053
 22039 22046 22094 22031 22075 22045 22015 22066 22070 22078
 22027 22061 22076 22036 22062 22034 22042 22094 22087 22048
 22068 22040 22023 22075 22009 22047 22077 22027

Array Size = 83
 23001 23001 23003 23004 23006 23006 23007 23008 23008 23010
 23010 23012 23015 23015 23016 23018 23018 23020 23021 23022
 23025 23027 23027 23028 23028 23028 23029 23029 23032 23034
 23035 23036 23036 23037 23037 23040 23040 23040 23042 23043
 23044 23045 23046 23051 23052 23054 23054 23056 23057 23057
 23058 23059 23060 23061 23061 23063 23064 23064 23068 23069
 23069 23072 23072 23074 23074 23077 23082 23082 23082 23083
 23084 23086 23087 23089 23091 23093 23093 23095 23095 23095
 23097 23099 23099

Array Size = 51
 24073 24077 24038 24002 24049 24059 24099 24051 24078 24047
 24042 24069 24000 24095 24061 24015 24031 24052 24008 24096
 24073 24018 24010 24082 24074 24006 24012 24035 24006 24065
 24082 24057 24051 24028 24019 24057 24089 24094 24032 24097
 24087 24065 24097 24062 24003 24085 24090 24029 24068 24038
 24011

Array Size = 71
 25000 25000 25001 25001 25002 25003 25003 25004 25005 25007
 25007 25010 25011 25011 25011 25014 25015 25020 25021 25023
 25023 25023 25025 25027 25028 25029 25029 25030 25032 25033
 25040 25042 25043 25047 25047 25049 25049 25049 25051 25054
 25057 25058 25058 25058 25061 25061 25063 25064 25064 25065
 25065 25067 25068 25068 25069 25072 25072 25074 25074 25079
 25081 25082 25085 25089 25089 25090 25093 25094 25096 25097
 25099

Array Size = 57
 26014 26068 26020 26080 26093 26036 26097 26028 26080 26005
 26077 26063 26017 26092 26040 26030 26095 26070 26089 26020
 26018 26095 26007 26043 26054 26049 26097 26056 26026 26089
 26095 26024 26096 26090 26078 26021 26008 26042 26048 26032
 26079 26085 26098 26004 26032 26031 26082 26025 26083 26035
 26036 26009 26027 26068 26094 26050 26051

Array Size = 20
 27003 27010 27020 27022 27027 27032 27034 27035 27041 27045
 27053 27055 27056 27068 27069 27074 27075 27084 27087 27088


Array Size = 55
 28045 28092 28076 28098 28084 28001 28097 28072 28088 28080
 28022 28049 28008 28073 28064 28040 28019 28007 28042 28060
 28092 28081 28060 28024 28035 28094 28039 28093 28078 28092
 28008 28078 28015 28046 28078 28029 28030 28011 28019 28088
 28069 28087 28050 28042 28014 28059 28009 28062 28043 28030
 28016 28010 28010 28095 28072

Array Size = 40
 29001 29004 29006 29007 29012 29014 29016 29017 29018 29018
 29022 29024 29024 29029 29030 29037 29038 29039 29039 29042
 29042 29045 29046 29047 29050 29051 29051 29051 29052 29054
 29057 29061 29079 29080 29084 29084 29086 29088 29094 29095


Array Size = 37
 30004 30025 30068 30022 30010 30012 30012 30063 30050 30070
 30051 30007 30040 30006 30017 30061 30036 30086 30064 30027
 30041 30013 30096 30030 30014 30015 30079 30081 30022 30056
 30005 30005 30023 30045 30049 30047 30052

Array Size = 82
 31001 31001 31002 31003 31005 31006 31006 31006 31009 31009
 31012 31014 31014 31014 31017 31019 31019 31021 31022 31023
 31023 31024 31024 31027 31027 31027 31029 31029 31035 31037
 31040 31042 31042 31043 31045 31045 31045 31047 31051 31052
 31052 31052 31054 31054 31055 31058 31058 31059 31061 31065
 31067 31069 31069 31070 31071 31073 31073 31073 31074 31074
 31076 31077 31079 31079 31083 31083 31085 31085 31087 31087
 31088 31089 31089 31091 31091 31093 31094 31095 31095 31097
 31097 31098

Array Size = 60
 32060 32013 32061 32070 32055 32093 32031 32009 32054 32006
 32052 32089 32003 32090 32076 32036 32008 32016 32009 32075
 32000 32014 32064 32029 32049 32032 32046 32083 32072 32042
 32062 32059 32043 32072 32008 32000 32045 32025 32047 32058
 32058 32044 32079 32048 32043 32057 32089 32045 32057 32092
 32033 32030 32076 32081 32012 32017 32032 32092 32029 32097


Array Size = 51
 33003 33003 33005 33006 33006 33007 33007 33012 33017 33019
 33020 33021 33022 33022 33024 33024 33025 33027 33029 33030
 33030 33032 33036 33038 33038 33041 33045 33046 33047 33047
 33048 33049 33053 33054 33058 33062 33062 33065 33070 33075
 33075 33075 33076 33077 33079 33080 33080 33081 33082 33093
 33096

Array Size = 96
 34071 34040 34013 34045 34047 34079 34083 34018 34099 34032
 34084 34008 34036 34054 34072 34095 34098 34014 34048 34015
 34044 34016 34057 34017 34067 34036 34035 34066 34012 34052
 34087 34025 34037 34094 34004 34038 34055 34087 34094 34066
 34079 34094 34021 34017 34033 34082 34094 34076 34091 34093
 34076 34011 34071 34076 34060 34021 34071 34064 34016 34002
 34044 34016 34024 34096 34055 34094 34021 34050 34070 34068
 34034 34082 34061 34035 34008 34021 34028 34082 34096 34097
 34013 34029 34020 34042 34059 34042 34001 34065 34085 34008
 34005 34077 34080 34039 34019 34086

Array Size = 86
 35000 35000 35002 35002 35002 35002 35006 35008 35010 35010
 35010 35012 35013 35014 35018 35019 35020 35020 35020 35022
 35023 35023 35024 35025 35028 35029 35029 35029 35031 35035
 35035 35035 35036 35040 35041 35042 35042 35042 35044 35044
 35045 35048 35048 35048 35048 35051 35052 35053 35054 35055
 35056 35056 35057 35058 35058 35058 35059 35061 35062 35064
 35068 35068 35072 35072 35072 35072 35073 35075 35076 35077
 35080 35080 35084 35084 35084 35085 35087 35087 35091 35092
 35093 35094 35095 35096 35099 35099

Array Size = 53
 36084 36022 36045 36012 36074 36023 36087 36034 36068 36078
 36075 36027 36003 36067 36022 36047 36069 36011 36088 36097
 36084 36018 36095 36023 36081 36064 36036 36070 36026 36088
 36077 36048 36002 36078 36026 36037 36040 36066 36030 36006
 36016 36032 36099 36069 36071 36034 36018 36010 36052 36086
 36067 36084 36088

Array Size = 51
 37000 37001 37003 37006 37007 37010 37012 37013 37013 37014
 37015 37016 37019 37020 37021 37022 37028 37030 37037 37039
 37045 37045 37045 37046 37051 37051 37052 37053 37053 37055
 37058 37063 37064 37068 37071 37072 37073 37073 37075 37078
 37078 37079 37082 37082 37085 37088 37089 37093 37095 37096
 37096

Array Size = 40
 38037 38091 38014 38048 38062 38068 38012 38031 38026 38094
 38058 38051 38093 38063 38001 38043 38012 38014 38002 38031
 38095 38084 38068 38002 38003 38057 38027 38036 38033 38041
 38022 38053 38058 38071 38060 38064 38010 38058 38078 38009


Array Size = 62
 39001 39003 39004 39009 39010 39010 39010 39016 39020 39020
 39021 39021 39022 39023 39023 39025 39026 39027 39028 39029
 39029 39033 39033 39034 39035 39037 39037 39041 39042 39047
 39049 39051 39053 39055 39057 39057 39059 39059 39061 39061
 39065 39065 39067 39067 39069 39070 39074 39075 39078 39079
 39079 39084 39085 39086 39087 39090 39090 39095 39095 39096
 39097 39098

Array Size = 10
 40096 40088 40050 40029 40086 40012 40070 40081 40023 40044


Array Size = 29
 41007 41007 41014 41022 41023 41023 41027 41035 41036 41037
 41039 41045 41046 41047 41050 41050 41052 41057 41062 41069
 41070 41074 41075 41081 41086 41089 41092 41093 41096

Array Size = 91
 42079 42037 42028 42046 42006 42050 42056 42090 42029 42059
 42043 42001 42015 42024 42071 42033 42049 42063 42046 42078
 42036 42099 42072 42088 42019 42087 42054 42089 42020 42081
 42067 42084 42080 42072 42034 42032 42000 42043 42015 42062
 42058 42021 42084 42052 42008 42048 42075 42068 42054 42092
 42089 42074 42003 42063 42032 42005 42019 42034 42048 42040
 42066 42021 42044 42017 42098 42060 42032 42031 42066 42091
 42007 42089 42005 42081 42073 42078 42071 42039 42090 42036
 42034 42065 42084 42022 42011 42014 42059 42047 42074 42085
 42009

Array Size = 14
 43003 43007 43008 43014 43018 43021 43048 43054 43064 43064
 43064 43073 43094 43094

Array Size = 40
 44049 44067 44099 44008 44018 44022 44055 44095 44010 44000
 44028 44076 44050 44079 44076 44037 44048 44041 44085 44076
 44021 44069 44031 44073 44030 44056 44063 44011 44066 44029
 44026 44062 44091 44017 44044 44091 44083 44098 44040 44080


Array Size = 43
 45000 45001 45008 45010 45012 45012 45013 45019 45022 45023
 45027 45028 45029 45030 45032 45033 45037 45037 45040 45040
 45044 45045 45048 45049 45057 45059 45061 45064 45064 45065
 45066 45066 45070 45072 45076 45077 45079 45080 45090 45091
 45091 45098 45099

Array Size = 65
 46091 46072 46066 46038 46065 46003 46051 46006 46027 46085
 46098 46080 46019 46079 46008 46085 46059 46087 46055 46046
 46012 46000 46043 46015 46051 46015 46027 46063 46001 46063
 46046 46043 46003 46045 46026 46004 46027 46005 46008 46032
 46090 46019 46026 46052 46002 46001 46026 46010 46098 46090
 46084 46087 46035 46006 46073 46066 46050 46001 46053 46059
 46083 46006 46097 46051 46063

Array Size = 66
 47000 47004 47004 47007 47014 47016 47019 47019 47029 47030
 47031 47031 47031 47032 47033 47037 47040 47041 47043 47043
 47043 47044 47045 47048 47048 47049 47053 47056 47056 47057
 47057 47058 47059 47059 47060 47061 47062 47065 47069 47071
 47075 47075 47076 47077 47080 47081 47082 47082 47082 47083
 47083 47084 47086 47086 47087 47089 47091 47092 47092 47093
 47094 47095 47095 47097 47099 47099

Array Size = 54
 48038 48023 48076 48047 48093 48051 48035 48085 48023 48096
 48014 48035 48038 48013 48096 48064 48086 48066 48021 48020
 48058 48059 48097 48003 48004 48075 48044 48039 48048 48005
 48007 48008 48049 48064 48057 48091 48075 48067 48029 48057
 48020 48098 48011 48079 48077 48019 48063 48018 48035 48034
 48009 48092 48094 48045

Array Size = 87
 49003 49003 49004 49006 49007 49008 49008 49008 49009 49009
 49013 49014 49014 49015 49017 49017 49017 49019 49020 49020
 49021 49024 49024 49024 49025 49025 49027 49028 49029 49030
 49034 49034 49034 49035 49037 49038 49042 49042 49045 49049
 49050 49050 49051 49053 49053 49054 49054 49056 49056 49059
 49061 49062 49062 49062 49063 49064 49065 49066 49068 49072
 49072 49074 49076 49077 49078 49078 49079 49079 49080 49080
 49081 49083 49083 49085 49085 49086 49086 49089 49090 49090
 49092 49093 49093 49097 49097 49099 49099

Array Size = 61
 50000 50099 50002 50086 50075 50043 50075 50049 50036 50053
 50005 50011 50052 50060 50029 50000 50031 50079 50087 50039
 50058 50039 50028 50098 50027 50049 50047 50037 50010 50018
 50030 50053 50074 50037 50000 50070 50090 50039 50070 50055
 50032 50079 50032 50057 50034 50056 50098 50060 50006 50027
 50047 50053 50079 50066 50074 50057 50043 50086 50037 50060
 50082

Array Size = 13
 51013 51017 51043 51045 51052 51062 51063 51065 51065 51075
 51076 51078 51098

Array Size = 24
 52084 52037 52070 52019 52093 52005 52078 52093 52032 52057
 52080 52053 52039 52001 52097 52035 52071 52004 52027 52011
 52017 52006 52038 52004

Array Size = 78
 53000 53002 53002 53002 53003 53003 53004 53005 53005 53007
 53008 53008 53011 53012 53012 53013 53015 53016 53017 53017
 53019 53020 53020 53021 53023 53023 53025 53026 53027 53028
 53030 53031 53033 53034 53036 53040 53040 53041 53042 53045
 53046 53047 53047 53048 53053 53053 53056 53056 53056 53057
 53057 53057 53057 53058 53059 53059 53061 53061 53070 53072
 53072 53073 53073 53074 53078 53080 53081 53082 53083 53085
 53086 53087 53088 53089 53089 53096 53098 53099

Array Size = 40
 54057 54033 54032 54022 54084 54069 54068 54037 54088 54082
 54047 54017 54062 54078 54099 54012 54053 54074 54066 54092
 54001 54090 54081 54093 54069 54085 54081 54096 54022 54094
 54033 54075 54066 54049 54014 54036 54046 54071 54053 54028


Array Size = 52
 55000 55003 55005 55007 55009 55016 55017 55017 55019 55020
 55020 55021 55022 55022 55027 55028 55029 55031 55034 55034
 55035 55035 55035 55037 55037 55040 55041 55041 55045 55046
 55049 55050 55051 55055 55056 55058 55061 55065 55070 55071
 55071 55072 55072 55074 55074 55075 55087 55087 55090 55091
 55093 55099

Array Size = 43
 56066 56077 56049 56036 56047 56027 56021 56045 56035 56097
 56012 56095 56002 56095 56066 56043 56084 56004 56017 56039
 56043 56022 56030 56016 56022 56071 56076 56035 56069 56043
 56048 56020 56000 56057 56058 56003 56017 56094 56066 56058
 56061 56010 56092

Array Size = 14
 57008 57012 57021 57025 57030 57034 57037 57050 57055 57065
 57081 57081 57089 57093

Array Size = 94
 58012 58077 58030 58015 58077 58059 58013 58010 58001 58074
 58059 58093 58045 58084 58006 58041 58021 58014 58007 58018
 58045 58021 58075 58020 58076 58026 58075 58057 58075 58067
 58091 58012 58020 58006 58075 58089 58072 58007 58015 58047
 58020 58067 58021 58066 58083 58014 58040 58036 58014 58043
 58091 58024 58021 58065 58052 58006 58053 58072 58016 58086
 58093 58022 58017 58015 58076 58006 58035 58094 58094 58052
 58087 58064 58026 58086 58009 58090 58016 58065 58094 58080
 58023 58011 58094 58066 58095 58071 58061 58020 58073 58094
 58009 58049 58099 58086

Array Size = 39
 59002 59003 59011 59012 59013 59019 59019 59026 59029 59032
 59033 59037 59039 59044 59045 59047 59050 59052 59053 59054
 59054 59056 59061 59061 59061 59061 59063 59064 59068 59070
 59074 59078 59079 59080 59081 59085 59088 59091 59095

Array Size = 32
 60028 60010 60048 60003 60096 60054 60076 60048 60088 60077
 60011 60011 60067 60043 60044 60056 60003 60050 60019 60098
 60068 60016 60006 60052 60032 60061 60091 60046 60070 60074
 60031 60048

Array Size = 88
 61001 61001 61001 61002 61003 61003 61005 61005 61006 61006
 61007 61008 61008 61009 61012 61013 61013 61017 61017 61018
 61022 61023 61023 61023 61024 61024 61024 61026 61026 61028
 61030 61033 61034 61035 61037 61037 61042 61043 61044 61045
 61045 61045 61046 61046 61047 61047 61047 61047 61048 61049
 61050 61050 61051 61055 61056 61058 61059 61060 61061 61061
 61062 61066 61067 61068 61070 61073 61074 61075 61076 61080
 61081 61082 61082 61085 61085 61086 61086 61088 61089 61091
 61091 61092 61095 61095 61097 61098 61098 61099

Array Size = 90
 62025 62087 62052 62077 62062 62072 62087 62009 62009 62079
 62097 62085 62081 62064 62057 62055 62040 62058 62042 62074
 62050 62084 62092 62097 62013 62059 62083 62066 62027 62019
 62090 62074 62083 62012 62038 62098 62037 62073 62087 62092
 62014 62050 62092 62081 62020 62017 62074 62049 62098 62087
 62061 62069 62030 62087 62020 62091 62092 62028 62083 62099
 62024 62096 62065 62005 62027 62012 62061 62062 62020 62010
 62065 62036 62064 62009 62069 62089 62069 62027 62091 62044
 62011 62006 62084 62061 62049 62089 62009 62013 62065 62024


Array Size = 63
 63000 63003 63004 63004 63005 63005 63006 63007 63007 63011
 63011 63012 63014 63014 63015 63018 63019 63021 63024 63025
 63031 63034 63034 63036 63036 63039 63039 63039 63039 63040
 63041 63042 63043 63044 63050 63050 63050 63051 63051 63051
 63052 63053 63056 63057 63057 63059 63059 63061 63063 63064
 63069 63073 63073 63073 63077 63081 63084 63085 63086 63089
 63089 63091 63095

Array Size = 45
 64053 64033 64046 64094 64052 64034 64017 64053 64075 64052
 64034 64036 64068 64018 64049 64093 64048 64045 64045 64007
 64083 64086 64018 64000 64015 64015 64091 64052 64058 64052
 64005 64010 64075 64053 64092 64053 64017 64043 64087 64092
 64098 64000 64013 64003 64010

Array Size = 25
 65003 65007 65011 65016 65016 65024 65028 65031 65036 65038
 65040 65046 65056 65057 65057 65062 65076 65089 65089 65090
 65090 65096 65098 65098 65098

Array Size = 85
 66058 66058 66095 66088 66085 66025 66040 66061 66017 66006
 66070 66073 66053 66086 66007 66021 66031 66098 66035 66096
 66013 66076 66032 66063 66077 66048 66008 66004 66006 66099
 66040 66076 66054 66036 66032 66044 66053 66035 66056 66082
 66070 66045 66076 66036 66029 66030 66077 66068 66000 66066
 66039 66060 66057 66007 66052 66023 66039 66071 66021 66092
 66089 66004 66094 66024 66017 66024 66000 66097 66086 66025
 66006 66066 66018 66001 66056 66098 66077 66072 66086 66095
 66082 66000 66054 66046 66036

Array Size = 14
 67004 67008 67011 67039 67042 67043 67054 67058 67070 67079
 67084 67086 67088 67096

Array Size = 22
 68056 68001 68044 68083 68018 68085 68059 68034 68010 68079
 68000 68080 68062 68022 68049 68023 68063 68086 68038 68022
 68082 68092

Array Size = 31
 69004 69006 69010 69011 69014 69015 69016 69017 69017 69020
 69027 69027 69032 69035 69039 69043 69044 69048 69049 69050
 69060 69061 69066 69067 69070 69070 69078 69079 69080 69083
 69086

Array Size = 92
 70095 70074 70049 70042 70098 70031 70004 70029 70097 70090
 70003 70003 70094 70041 70082 70084 70005 70051 70019 70004
 70048 70042 70092 70076 70075 70050 70042 70013 70088 70019
 70083 70084 70014 70025 70060 70048 70083 70024 70070 70012
 70000 70025 70054 70058 70086 70097 70009 70060 70076 70026
 70009 70095 70021 70031 70006 70034 70019 70051 70080 70020
 70023 70024 70070 70093 70007 70074 70032 70077 70099 70051
 70008 70062 70059 70041 70045 70081 70037 70036 70060 70000
 70077 70059 70026 70034 70013 70097 70055 70013 70072 70012
 70094 70057

Array Size = 63
 71000 71003 71005 71005 71005 71008 71011 71011 71014 71014
 71016 71021 71022 71022 71026 71026 71026 71029 71031 71033
 71034 71034 71034 71035 71037 71038 71041 71043 71044 71044
 71045 71045 71045 71046 71048 71052 71053 71055 71061 71061
 71062 71062 71067 71069 71070 71071 71076 71079 71083 71083
 71084 71086 71087 71087 71090 71091 71093 71095 71096 71096
 71097 71098 71098

Array Size = 15
 72044 72032 72026 72019 72020 72075 72021 72079 72071 72077
 72043 72015 72064 72078 72052

Array Size = 55
 73003 73005 73007 73008 73009 73012 73014 73014 73015 73016
 73017 73018 73019 73019 73020 73021 73023 73024 73025 73025
 73026 73029 73029 73030 73033 73041 73041 73042 73045 73049
 73051 73051 73052 73055 73058 73059 73059 73061 73063 73065
 73065 73066 73069 73076 73077 73082 73082 73089 73090 73092
 73093 73093 73094 73097 73097

Array Size = 19
 74074 74070 74031 74049 74054 74086 74099 74055 74065 74000
 74030 74023 74014 74042 74008 74024 74093 74056 74005

Array Size = 93
 75001 75003 75003 75004 75005 75006 75006 75008 75008 75009
 75009 75010 75010 75012 75015 75015 75016 75017 75017 75017
 75018 75019 75019 75020 75021 75022 75023 75023 75023 75024
 75024 75024 75025 75025 75027 75027 75028 75028 75030 75031
 75031 75032 75033 75033 75033 75038 75040 75044 75044 75045
 75047 75049 75051 75052 75052 75052 75052 75053 75058 75058
 75060 75062 75064 75065 75066 75066 75067 75068 75069 75070
 75070 75073 75073 75076 75076 75077 75077 75077 75079 75080
 75080 75080 75081 75082 75083 75085 75086 75087 75088 75088
 75092 75096 75099

Array Size = 21
 76073 76054 76006 76054 76004 76088 76017 76001 76029 76037
 76032 76070 76079 76049 76099 76020 76022 76074 76074 76069
 76073

Array Size = 37
 77004 77007 77010 77011 77015 77015 77017 77018 77021 77022
 77023 77025 77026 77027 77028 77030 77032 77037 77038 77039
 77040 77050 77053 77056 77058 77062 77065 77065 77067 77071
 77071 77081 77086 77088 77088 77093 77095

Array Size = 72
 78059 78081 78075 78043 78081 78008 78018 78056 78092 78000
 78072 78082 78017 78054 78033 78096 78029 78013 78073 78048
 78037 78056 78024 78013 78061 78026 78036 78035 78088 78082
 78079 78078 78068 78020 78043 78010 78087 78020 78099 78032
 78048 78081 78098 78070 78096 78085 78022 78067 78070 78004
 78094 78078 78092 78097 78009 78034 78030 78026 78006 78009
 78064 78016 78092 78091 78012 78012 78077 78071 78023 78048
 78095 78070

Array Size = 86
 79000 79003 79004 79005 79007 79008 79009 79010 79010 79010
 79011 79011 79013 79013 79014 79014 79015 79016 79017 79017
 79018 79021 79022 79025 79026 79027 79030 79030 79032 79033
 79036 79037 79039 79040 79040 79041 79041 79043 79043 79045
 79046 79047 79048 79048 79048 79049 79049 79053 79053 79055
 79059 79060 79061 79062 79063 79064 79065 79070 79071 79071
 79071 79073 79073 79073 79074 79074 79076 79077 79078 79079
 79079 79080 79085 79086 79088 79089 79090 79091 79091 79092
 79095 79095 79096 79097 79098 79098

Array Size = 39
 80061 80004 80036 80090 80044 80093 80025 80054 80078 80025
 80042 80046 80098 80022 80088 80049 80028 80089 80058 80020
 80078 80088 80034 80091 80036 80010 80078 80046 80046 80044
 80088 80025 80028 80005 80004 80073 80088 80071 80083

Array Size = 66
 81000 81001 81001 81002 81006 81007 81008 81009 81010 81011
 81013 81015 81016 81022 81025 81029 81029 81029 81029 81035
 81037 81037 81037 81037 81038 81040 81042 81044 81044 81045
 81046 81049 81050 81051 81054 81055 81057 81060 81062 81062
 81064 81064 81065 81068 81070 81070 81071 81072 81073 81073
 81074 81075 81075 81076 81077 81077 81077 81079 81081 81082
 81085 81090 81092 81094 81096 81099

Array Size = 25
 82027 82043 82018 82075 82011 82057 82084 82003 82022 82017
 82084 82097 82035 82003 82083 82089 82034 82089 82003 82072
 82062 82058 82020 82048 82007

Array Size = 44
 83002 83005 83005 83006 83008 83009 83011 83012 83014 83016
 83018 83029 83035 83036 83037 83041 83041 83042 83043 83047
 83048 83050 83051 83052 83053 83055 83056 83057 83059 83064
 83068 83069 83070 83073 83075 83077 83081 83082 83083 83086
 83088 83094 83096 83097

Array Size = 25
 84087 84065 84091 84042 84071 84026 84066 84094 84020 84057
 84074 84022 84001 84005 84041 84097 84076 84046 84062 84058
 84029 84072 84075 84063 84061

Array Size = 69
 85001 85003 85004 85005 85006 85006 85007 85007 85010 85011
 85013 85014 85017 85018 85021 85022 85022 85026 85028 85030
 85030 85031 85034 85035 85039 85040 85040 85041 85041 85043
 85044 85045 85046 85046 85049 85049 85050 85052 85054 85055
 85055 85056 85063 85064 85066 85067 85067 85068 85068 85069
 85070 85071 85073 85073 85075 85077 85078 85078 85079 85080
 85082 85082 85083 85085 85086 85088 85093 85095 85095

Array Size = 38
 86057 86095 86005 86056 86050 86050 86066 86035 86056 86056
 86016 86067 86005 86087 86004 86097 86081 86040 86097 86048
 86042 86054 86066 86077 86059 86066 86086 86053 86021 86001
 86089 86049 86074 86017 86082 86064 86087 86064

Array Size = 88
 87002 87003 87007 87008 87009 87009 87010 87011 87012 87012
 87012 87013 87013 87018 87018 87018 87021 87022 87023 87023
 87024 87024 87024 87026 87027 87028 87029 87033 87035 87038
 87039 87040 87041 87042 87042 87044 87046 87047 87048 87049
 87049 87050 87050 87050 87051 87054 87055 87055 87056 87056
 87056 87057 87059 87063 87064 87064 87064 87064 87066 87067
 87068 87068 87071 87073 87073 87074 87075 87075 87076 87077
 87077 87078 87079 87080 87081 87083 87083 87084 87085 87085
 87086 87088 87090 87092 87095 87097 87098 87099

Array Size = 53
 88099 88029 88050 88014 88025 88077 88016 88003 88091 88039
 88000 88010 88009 88098 88033 88065 88025 88071 88001 88031
 88017 88067 88071 88092 88016 88013 88002 88010 88041 88010
 88072 88081 88014 88021 88068 88081 88032 88014 88037 88044
 88067 88069 88087 88072 88025 88082 88005 88082 88053 88062
 88077 88066 88050

Array Size = 28
 89001 89015 89024 89027 89031 89034 89035 89038 89041 89045
 89045 89048 89049 89058 89059 89059 89061 89062 89063 89065
 89074 89080 89083 89090 89091 89094 89094 89095

Array Size = 46
 90099 90095 90018 90012 90052 90095 90044 90060 90000 90032
 90026 90007 90070 90023 90041 90098 90044 90066 90006 90075
 90031 90013 90076 90040 90064 90035 90031 90080 90083 90092
 90074 90032 90038 90058 90046 90051 90035 90086 90089 90068
 90020 90042 90059 90047 90003 90054

Array Size = 31
 91004 91005 91007 91010 91021 91026 91030 91035 91037 91039
 91040 91040 91046 91048 91049 91053 91054 91055 91060 91062
 91063 91065 91072 91072 91077 91080 91082 91085 91086 91087
 91091

Array Size = 56
 92092 92062 92014 92028 92025 92091 92095 92057 92009 92027
 92077 92098 92010 92088 92086 92004 92052 92012 92026 92007
 92048 92096 92041 92082 92004 92004 92065 92049 92005 92052
 92083 92025 92041 92062 92048 92083 92063 92007 92080 92085
 92087 92075 92094 92091 92037 92062 92026 92047 92006 92055
 92018 92050 92035 92064 92003 92010

Array Size = 99
 93001 93002 93003 93004 93005 93005 93009 93011 93012 93013
 93014 93015 93015 93016 93021 93023 93024 93026 93026 93028
 93031 93032 93032 93034 93034 93035 93035 93036 93036 93036
 93037 93037 93039 93039 93040 93043 93044 93045 93051 93051
 93051 93052 93052 93052 93053 93053 93053 93053 93054 93054
 93056 93057 93057 93058 93058 93058 93060 93061 93062 93063
 93064 93065 93066 93066 93066 93066 93068 93069 93069 93070
 93073 93073 93073 93075 93075 93080 93080 93080 93081 93083
 93083 93084 93084 93085 93085 93086 93087 93087 93088 93088
 93093 93094 93094 93094 93095 93097 93097 93099 93099

Array Size = 95
 94074 94054 94036 94046 94065 94015 94002 94061 94058 94052
 94066 94095 94072 94044 94050 94087 94055 94052 94068 94053
 94055 94043 94085 94082 94040 94033 94032 94090 94022 94054
 94025 94099 94067 94023 94035 94059 94065 94012 94058 94073
 94083 94012 94054 94022 94079 94048 94096 94088 94046 94049
 94098 94092 94098 94065 94042 94045 94041 94059 94062 94094
 94036 94090 94097 94010 94015 94095 94036 94033 94035 94091
 94052 94065 94011 94086 94004 94086 94032 94035 94068 94081
 94049 94043 94092 94058 94039 94079 94038 94009 94056 94009
 94004 94085 94090 94047 94050

Array Size = 19
 95000 95003 95015 95019 95021 95025 95031 95032 95074 95076
 95079 95079 95082 95084 95084 95091 95093 95093 95095

Array Size = 34
 96049 96006 96075 96087 96072 96062 96013 96043 96090 96059
 96023 96038 96000 96040 96095 96084 96072 96065 96036 96044
 96003 96074 96038 96069 96003 96011 96012 96053 96071 96066
 96047 96003 96028 96082

Array Size = 98
 97003 97004 97004 97005 97007 97007 97008 97008 97010 97010
 97011 97012 97012 97012 97013 97013 97013 97013 97014 97014
 97017 97018 97020 97021 97021 97022 97023 97024 97024 97024
 97024 97025 97026 97026 97029 97029 97029 97029 97031 97032
 97033 97034 97035 97038 97038 97041 97042 97042 97044 97045
 97046 97047 97047 97049 97050 97052 97056 97057 97057 97057
 97058 97060 97062 97064 97065 97065 97065 97067 97067 97072
 97072 97072 97072 97072 97073 97073 97075 97076 97077 97077
 97078 97079 97080 97080 97081 97083 97086 97086 97087 97088
 97089 97090 97090 97092 97093 97094 97097 97097

Array Size = 47
 98097 98020 98051 98001 98097 98099 98035 98097 98079 98097
 98065 98066 98059 98039 98034 98000 98070 98065 98091 98043
 98082 98075 98041 98082 98059 98090 98061 98086 98065 98084
 98056 98077 98054 98094 98070 98099 98021 98074 98027 98020
 98049 98083 98090 98074 98041 98005 98052

Array Size = 71
 99000 99000 99002 99004 99004 99005 99009 99009 99010 99012
 99012 99014 99016 99016 99016 99019 99022 99022 99024 99024
 99026 99027 99028 99028 99035 99036 99039 99041 99041 99041
 99042 99043 99044 99046 99048 99049 99053 99053 99054 99055
 99062 99067 99067 99071 99072 99073 99074 99074 99075 99077
 99077 99077 99079 99080 99080 99082 99082 99083 99083 99083
 99084 99085 99085 99087 99091 99092 99093 99097 99098 99099
 99099
5089 95091 95091 95092
 95095 95096 95097 95098 95099 95099

Array Size = 55
 96027 96092 96029 96075 96072 96029 96049 96048 96002 96055
 96074 96045 96098 96071 96056 96085 96037 96075 96085 96038
 96007 96069 96078 96094 96037 96040 96003 96005 96060 96083
 96083 96013 96079 96023 96087 96053 96025 96025 96019 96090
 96045 96045 96055 96074 96053 96099 96044 96059 96067 96018
 96067 96064 96067 96033 96075

Array Size = 91
 97001 97001 97001 97001 97002 97002 97004 97008 97008 97009
 97010 97011 97011 97011 97011 97013 97013 97013 97015 97016
 97016 97016 97019 97020 97021 97021 97022 97022 97022 97023
 97023 97025 97026 97026 97027 97027 97029 97029 97030 97031
 97032 97033 97033 97034 97034 97037 97039 97041 97042 97042
 97042 97043 97043 97044 97044 97046 97047 97047 97052 97054
 97055 97058 97058 97058 97061 97061 97062 97066 97067 97071
 97072 97072 97072 97073 97075 97077 97079 97079 97080 97082
 97083 97083 97084 97085 97085 97087 97091 97092 97096 97096
 97098

Array Size = 64
 98073 98058 98003 98081 98068 98042 98023 98069 98055 98018
 98002 98015 98006 98050 98051 98063 98089 98022 98015 98016
 98092 98034 98098 98000 98094 98088 98037 98065 98020 98084
 98054 98051 98062 98067 98015 98069 98035 98035 98007 98072
 98038 98023 98001 98050 98004 98025 98010 98055 98073 98040
 98098 98056 98066 98072 98095 98047 98032 98093 98077 98097
 98087 98048 98059 98099

Array Size = 69
 99000 99001 99001 99002 99003 99004 99006 99006 99007 99008
 99009 99010 99013 99014 99014 99019 99022 99024 99024 99024
 99025 99026 99028 99030 99030 99032 99033 99035 99036 99038
 99039 99042 99043 99044 99046 99047 99047 99048 99050 99051
 99051 99051 99055 99055 99056 99056 99061 99061 99063 99063
 99064 99067 99069 99072 99073 99075 99076 99077 99077 99078
 99083 99085 99086 99086 99088 99091 99097 99099 99099
 94083 94015 94028 94016 94010 94015 94034 94068
 94023 94055 94037 94083 94036 94041 94059 94055 94088 94057
 94072 94067 94093 94086 94035 94094 94026 94045 94040 94098
 94099 94057 94061 94034 94044 94025 94038 94075 94012

Array Size = 85
 95000 95000 95003 95004 95005 95006 95007 95010 95011 95011
 95011 95011 95012 95013 95013 95014 95020 95020 95021 95024
 95024 95025 95025 95025 95029 95029 95029 95030 95032 95032
 95034 95035 95036 95037 95037 95041 95041 95045 95046 95048
 95049 95049 95050 95051 95052 95054 95054 95056 95057 95059
 95061 95062 95063 95068 95068 95070 95070 95071 95072 95073
 95074 95074 95074 95077 95078 95082 95082 95083 95084 95084
 95084 95087 95088 95088 95089 95092 95092 95094 95095 95095
 95095 95096 95097 95098 95098

Array Size = 88
 96089 96065 96099 96008 96034 96033 96041 96035 96050 96083
 96018 96077 96012 96085 96028 96050 96058 96077 96053 96012
 96017 96032 96058 96078 96083 96007 96043 96014 96012 96077
 96099 96013 96094 96051 96030 96067 96088 96003 96068 96032
 96067 96071 96006 96067 96028 96043 96090 96031 96033 96089
 96066 96072 96020 96032 96015 96037 96094 96071 96034 96073
 96008 96078 96018 96049 96070 96081 96089 96009 96095 96075
 96014 96032 96005 96057 96066 96087 96083 96012 96095 96096
 96050 96084 96029 96064 96084 96052 96018 96048

Array Size = 11
 97005 97012 97024 97036 97055 97058 97061 97068 97095 97095
 97098

Array Size = 34
 98074 98057 98095 98048 98071 98042 98006 98081 98082 98046
 98051 98062 98099 98027 98034 98024 98052 98063 98067 98015
 98026 98090 98098 98074 98034 98094 98076 98058 98039 98006
 98003 98055 98072 98050

Array Size = 49
 99000 99001 99001 99002 99006 99010 99011 99011 99014 99016
 99016 99021 99022 99025 99027 99028 99032 99043 99047 99048
 99050 99050 99051 99053 99054 99057 99059 99070 99070 99070
 99071 99075 99077 99078 99081 99082 99082 99083 99085 99086
 99086 99087 99088 99090 99092 99093 99098 99098 99099
14 97015
 97015 97015 97016 97018 97020 97020 97021 97024 97025 97031
 97032 97032 97032 97036 97037 97037 97037 97038 97041 97043
 97048 97049 97049 97049 97050 97054 97055 97062 97063 97063
 97064 97068 97069 97072 97075 97077 97079 97079 97081 97082
 97083 97083 97086 97086 97086 97086 97089 97091 97091 97093
 97093 97096 97096 97097 97099

Array Size = 28
 98021 98023 98051 98083 98033 98060 98001 98014 98046 98055
 98076 98088 98006 98068 98093 98001 98007 98014 98052 98058
 98029 98054 98026 98015 98011 98009 98091 98053

Array Size = 64
 99001 99002 99004 99005 99007 99007 99008 99009 99012 99012
 99012 99013 99015 99017 99019 99021 99021 99022 99022 99025
 99025 99029 99032 99035 99036 99038 99039 99040 99043 99043
 99044 99046 99047 99050 99052 99053 99055 99056 99057 99061
 99067 99069 99071 99071 99074 99075 99076 99077 99079 99080
 99080 99081 99088 99089 99089 99091 99091 99094 99094 99095
 99097 99098 99098 99099
